953	The user id is: 953
5	340.0
328	339.0
54	333.5
221	330.5
25	329.0
130	329.0
428	325.5
43	325.5
109	322.0
66	319.5
487	317.0
408	314.0
32	313.5
393	312.0
333	311.5
222	311.5
90	311.0
216	309.5
212	307.0
50	307.0
492	304.5
93	304.5
381	302.5
188	301.0
18	299.0
147	298.5
341	297.0
309	295.0
389	295.0
100	294.5
245	293.5
71	293.0
4	292.0
478	290.5
442	289.5
445	289.5
392	289.5
201	288.0
469	288.0
376	288.0
498	288.0
226	286.5
400	286.0
407	286.0
441	285.5
477	285.5
419	284.5
44	284.5
452	283.5
454	283.5
455	283.5
242	283.0
364	283.0
292	283.0
98	283.0
308	282.5
305	282.0
420	281.5
203	281.5
402	281.0
348	281.0
199	280.5
296	280.0
170	278.5
87	278.5
347	278.0
62	278.0
223	276.5
12	276.5
369	276.5
349	276.0
163	276.0
192	276.0
456	275.5
371	275.0
190	275.0
236	274.5
403	274.0
431	273.0
207	273.0
85	273.0
358	272.5
140	272.5
80	272.0
23	271.5
57	271.5
184	271.5
265	271.0
189	271.0
237	270.0
384	270.0
398	270.0
162	270.0
406	269.5
417	268.0
355	268.0
359	268.0
36	268.0
271	268.0
275	268.0
177	268.0
2	267.5
149	267.5
78	267.5
451	267.0
323	266.0
264	266.0
272	266.0
196	266.0
10	265.5
430	265.0
267	265.0
117	264.5
77	264.5
470	264.0
58	264.0
108	263.5
475	263.5
51	263.5
53	263.5
293	263.5
9	263.0
324	263.0
319	262.5
29	262.5
64	262.5
244	262.0
282	262.0
459	261.5
399	261.5
291	261.5
16	261.0
150	261.0
361	260.5
155	260.0
171	260.0
306	259.5
158	259.5
424	259.0
227	259.0
41	259.0
81	259.0
418	258.5
249	258.5
289	258.5
247	258.0
129	258.0
354	257.5
133	257.5
327	257.0
219	257.0
255	257.0
379	257.0
288	257.0
301	256.5
432	256.5
326	256.5
209	256.5
210	256.5
194	256.5
422	256.0
217	256.0
365	256.0
134	256.0
39	256.0
386	256.0
298	256.0
114	255.5
439	255.0
357	255.0
74	255.0
485	254.5
182	254.5
443	254.0
234	254.0
120	254.0
338	253.5
479	253.5
438	253.0
228	253.0
27	253.0
281	253.0
243	252.5
496	252.5
385	252.5
47	252.5
340	252.0
317	251.5
14	251.5
279	251.5
198	251.5
440	251.0
362	251.0
382	251.0
7	250.5
482	250.5
270	250.5
311	250.0
238	250.0
131	249.5
135	249.5
42	249.5
169	249.5
231	249.0
145	249.0
82	249.0
287	248.5
167	248.5
6	248.0
353	248.0
128	248.0
30	248.0
143	248.0
276	248.0
215	247.5
463	247.5
269	247.5
99	247.5
233	247.0
352	246.5
127	246.5
295	246.5
329	246.0
366	246.0
144	246.0
453	245.5
484	245.5
495	245.5
180	245.5
229	245.0
387	245.0
337	244.5
126	244.0
464	243.5
344	243.5
286	243.5
3	243.0
370	243.0
499	243.0
141	243.0
383	243.0
89	243.0
95	243.0
96	243.0
61	242.5
92	242.5
111	242.0
115	242.0
304	241.5
103	241.5
367	241.5
214	241.0
476	241.0
373	241.0
31	241.0
307	240.5
465	240.0
468	240.0
262	240.0
152	240.0
88	240.0
460	239.5
472	239.5
491	239.5
172	239.5
434	239.0
258	239.0
38	239.0
274	239.0
372	238.5
426	238.0
429	238.0
334	238.0
235	238.0
486	238.0
490	238.0
60	238.0
436	237.5
59	237.5
283	237.5
187	237.5
252	237.0
132	237.0
49	237.0
350	236.5
494	236.5
285	236.5
204	236.0
113	236.0
280	235.5
68	235.5
72	235.5
404	235.0
415	235.0
56	235.0
336	234.5
497	234.5
421	234.0
313	234.0
13	234.0
69	234.0
83	234.0
122	233.5
67	233.0
254	232.5
136	232.5
161	232.5
75	232.5
183	232.5
246	232.0
321	231.5
332	231.5
94	231.5
411	231.0
457	231.0
105	231.0
368	231.0
91	231.0
467	230.5
112	230.5
24	230.5
405	230.0
200	230.0
211	230.0
102	230.0
239	230.0
125	230.0
266	230.0
153	230.0
446	229.5
15	229.5
20	229.5
26	229.0
34	229.0
284	228.5
165	228.5
263	228.0
84	228.0
448	227.5
101	227.5
471	227.5
138	227.5
119	226.5
241	226.0
124	226.0
253	226.0
154	226.0
423	225.5
19	225.5
28	225.5
351	225.0
33	225.0
462	224.5
377	224.0
331	223.5
483	223.5
343	223.0
17	223.0
46	223.0
63	223.0
178	222.5
394	222.0
21	221.5
390	221.5
273	221.5
374	221.0
174	221.0
195	221.0
224	220.5
473	220.5
35	220.5
45	220.5
79	220.5
447	220.0
230	220.0
380	220.0
261	219.5
164	219.5
225	219.0
297	218.0
461	217.5
106	217.5
157	217.5
185	217.5
315	217.0
156	217.0
168	217.0
191	217.0
107	216.5
310	216.0
302	215.5
437	215.5
179	215.5
435	215.0
139	214.5
260	214.5
116	214.0
240	214.0
197	214.0
318	213.5
345	213.5
55	213.5
290	213.5
401	212.5
449	212.0
137	212.0
181	212.0
232	211.0
488	211.0
396	210.5
314	210.0
388	210.0
159	210.0
166	209.5
173	209.0
320	208.5
118	208.5
395	208.5
474	208.0
193	208.0
342	207.0
458	206.5
412	206.0
259	205.5
316	205.0
65	205.0
70	205.0
325	203.5
416	202.5
277	202.5
160	202.5
220	202.0
378	202.0
425	201.5
202	201.5
206	201.0
268	200.5
427	200.0
312	199.0
330	198.5
363	198.5
97	198.5
493	198.0
1	197.5
360	197.5
151	197.5
86	197.5
205	195.5
339	195.0
248	194.5
250	194.0
257	194.0
433	193.0
148	193.0
48	193.0
208	192.5
22	192.5
8	192.0
40	192.0
278	192.0
397	191.0
414	189.5
489	189.5
303	188.5
121	188.0
11	187.0
480	187.0
104	186.0
123	186.0
186	185.5
146	184.5
391	182.5
73	182.0
409	181.0
356	181.0
300	180.0
213	179.5
142	179.5
413	177.0
375	176.0
335	175.5
346	174.5
294	173.5
410	173.0
76	172.5
218	168.5
322	163.5
175	160.0
466	158.5

